in-dl,Delhi,city,in,游쉻릖,32,150,4705,1,97,37.5,.746,69,73.8,2.5,28,87,,1.2,1.2,4.0,5.8,8,6,12.5,175.5,12.0,7.2,5.8,0.8,1.5,11874,29.2,18.5,5.2
in-up,Uttar Pradesh,state,in,游쉻릖,235,310,1317,241,22,33.2,.596,28,66.8,0.8,82,73,,0.4,0.5,2.5,11.2,12,2,6.5,58.5,8.0,5.8,5.2,0.3,0.8,976,23.8,24.2,6.8
in-rj,Rajasthan,state,in,游쉻릖,81,180,2223,342,25,34.5,.629,38,68.5,1.2,48,67,,0.5,0.5,2.8,10.8,8,2,8.2,48.2,15.0,5.2,4.5,0.4,1.2,237,24.5,23.5,6.2
in-gj,Gujarat,state,in,游쉻릖,71,280,3971,196,43,35.8,.672,42,71.2,2.0,65,79,,0.8,0.8,3.2,22.5,42,8,7.2,42.5,18.0,3.8,6.2,0.6,1.8,362,28.5,19.8,6.0
in-wb,West Bengal,state,in,游쉻릖,100,220,2190,89,32,33.5,.632,30,72.5,0.8,42,77,,0.8,0.8,3.5,14.5,15,3,18.5,55.2,8.0,6.5,5.5,0.3,0.5,1124,27.2,16.2,5.8
in-mp,Madhya Pradesh,state,in,游쉻릖,85,170,2005,308,29,33.8,.602,28,67.2,1.0,52,70,,0.5,0.5,2.5,8.5,8,2,25.5,48.5,12.0,5.5,4.8,0.3,1.0,276,23.5,23.8,6.8
in-tl,Telangana,state,in,游쉻릖,38,175,4612,112,39,33.2,.698,55,72.8,1.5,35,72,,1.5,1.5,3.8,15.5,22,6,25.5,32.5,22.0,4.2,6.5,0.8,1.5,339,29.8,16.5,6.2
in-ke,Kerala,state,in,游쉻릖,35,115,3286,39,48,32.2,.782,62,77.5,1.2,28,96,,1.8,2.5,4.2,12.8,18,2,55.2,22.5,32.0,12.5,4.5,0.5,0.8,897,33.5,14.2,7.0
in-ap,Andhra Pradesh,state,in,游쉻릖,53,165,3125,163,35,33.8,.650,42,70.5,1.2,42,68,,1.2,1.2,3.2,12.2,15,3,29.2,32.8,18.0,5.8,5.2,0.4,1.0,325,28.2,16.5,7.2
in-br,Bihar,state,in,游쉻릖,128,100,782,94,12,31.2,.542,18,69.5,0.3,28,62,,0.3,0.2,2.2,8.5,3,1,6.5,62.5,5.0,7.2,3.8,0.2,0.5,1362,21.5,25.8,5.8
in-pb,Punjab,state,in,游쉻릖,31,95,3065,50,38,31.5,.723,52,73.2,1.5,22,76,,0.9,1.0,3.5,15.8,5,1,6.0,52.5,38.0,8.2,5.8,0.5,1.2,620,30.5,15.8,6.8
in-hr,Haryana,state,in,游쉻릖,29,125,4310,44,35,35.8,.708,55,71.5,2.2,28,76,,0.9,1.0,3.2,18.5,8,3,6.5,55.5,18.0,8.8,6.2,0.6,1.5,659,27.5,20.2,6.2
in-or,Odisha,state,in,游쉻릖,46,85,1848,156,17,32.8,.606,28,69.8,0.8,28,73,,0.5,0.5,2.8,12.5,8,1,33.5,45.2,15.0,5.2,4.5,0.3,0.8,295,24.8,19.2,7.5
in-as,Assam,state,in,游쉻릖,36,60,1667,79,15,33.5,.585,22,68.2,0.5,18,73,,0.5,0.5,2.5,5.8,3,1,36.8,48.5,8.0,6.8,5.2,0.2,0.5,456,23.2,20.5,6.8
br-rj,Rio de Janeiro State,state,br,游游,17,310,18118,44,97,49.8,.798,82,76.5,2.8,42,97,,2.5,2.5,10.2,8.5,35,8,28.5,18.5,32.0,14.5,6.2,1.0,0.5,386,35.2,13.5,7.2
br-mg,Minas Gerais,state,br,游游,21,250,11842,587,88,44.5,.788,78,76.2,2.2,52,94,,2.2,2.0,9.8,14.2,42,5,54.5,12.8,42.0,11.2,5.5,0.8,0.5,36,34.5,14.2,6.8
br-rs,Rio Grande do Sul,state,br,游游,11,165,14682,282,86,46.2,.805,82,77.8,2.5,28,96,,2.5,2.2,10.5,18.5,22,3,49.5,10.2,52.0,8.5,5.8,0.8,0.5,39,35.8,13.2,7.5
br-pr,Paran치,state,br,游游,12,175,15042,200,88,44.2,.802,80,77.5,2.2,32,95,,2.2,2.0,10.2,16.8,28,4,49.8,12.5,48.0,8.2,5.5,0.8,0.5,60,34.2,14.5,6.8
br-ba,Bahia,state,br,游游,15,130,8542,565,74,50.5,.718,62,74.2,1.5,28,88,,1.5,1.5,7.8,10.5,12,2,60.5,15.2,35.0,16.5,6.8,0.5,0.4,26,31.2,16.2,6.2
br-sc,Santa Catarina,state,br,游游,8,135,17342,95,86,42.5,.818,84,78.8,2.0,28,97,,2.2,2.2,10.8,22.5,18,3,49.2,8.5,55.0,5.2,5.2,0.9,0.5,84,34.5,13.8,6.5
br-pe,Pernambuco,state,br,游游,10,82,8342,98,82,49.2,.728,65,74.8,1.5,22,88,,1.5,1.5,7.5,8.5,8,2,38.5,12.8,28.0,15.8,6.5,0.5,0.4,102,31.8,16.8,6.8
br-ce,Cear치,state,br,游游,9,68,7342,149,78,50.2,.712,62,74.5,1.2,22,86,,1.2,1.2,7.2,10.2,5,1,38.8,15.5,25.0,13.8,6.2,0.4,0.4,60,30.5,17.2,6.5
br-go,Goi치s,state,br,游游,7,95,12842,340,74,44.8,.768,72,75.5,2.5,22,93,,1.8,2.0,8.5,14.5,18,3,28.5,8.2,42.0,8.5,5.8,0.7,0.5,21,32.2,15.5,6.2
br-pa,Par치,state,br,游游,9,65,7042,1248,68,48.5,.698,55,73.2,1.5,18,88,,1.0,1.2,6.8,8.5,5,1,55.5,15.2,48.0,10.5,5.8,0.3,0.4,7,28.5,19.5,5.8
br-am,Amazonas,state,br,游游,4,42,9842,1559,62,49.2,.698,55,73.5,1.8,12,85,,1.0,1.0,6.5,12.2,3,1,96.8,8.5,55.0,12.2,6.5,0.2,0.4,3,27.5,21.2,5.5
br-df,Federal District (Bras칤lia),city,br,游游,3,85,28182,6,97,45.8,.852,88,78.5,2.2,28,97,,3.2,2.5,12.0,3.5,5,5,38.5,10.2,22.0,12.8,5.8,1.2,0.5,500,33.5,14.8,5.2
au-vc,Victoria,state,au,游뷣릖,7,480,70142,228,90,33.2,.948,96,83.2,12.5,12,99,,4.0,3.5,10.8,8.5,42,15,24.8,7.5,25.0,5.8,3.2,2.2,1.2,31,37.2,11.5,6.8
au-ql,Queensland,state,au,游뷣릖,5,380,70542,1853,88,34.5,.942,95,83.0,15.5,8,99,,3.5,3.5,10.5,6.2,85,12,12.5,6.8,18.0,5.2,3.5,2.0,1.2,3,36.8,12.2,6.5
au-wa,Western Australia,state,au,游뷣릖,3,320,118542,2530,88,33.8,.948,96,82.8,48.5,5,99,,3.2,3.2,10.2,8.5,185,15,7.8,5.2,12.0,4.8,3.2,2.5,1.2,1,36.5,12.5,6.2
au-sa,South Australia,state,au,游뷣릖,2,125,67542,984,89,32.5,.940,94,82.5,10.8,5,99,,3.8,4.0,10.5,8.2,18,5,18.5,6.5,55.0,5.5,3.2,1.8,1.2,2,38.2,11.2,7.2
au-ts,Tasmania,state,au,游뷣릖,1,38,54542,68,72,32.2,.928,92,82.0,8.5,2,99,,3.2,3.5,10.8,5.8,3,1,49.5,5.5,88.0,6.2,3.5,1.5,1.2,8,40.2,10.8,7.8
kr-gg,Gyeonggi,state,kr,游썷릖,14,550,40182,10,92,30.8,.932,98,84.0,9.2,68,99,,2.5,11.5,8.5,25.5,185,8,28.5,24.2,8.0,3.2,2.5,3.2,1.5,1400,38.5,6.2,5.8
kr-bs,Busan,city,kr,游썷릖,3,95,28182,1,97,31.2,.920,97,83.5,8.8,22,99,,2.2,12.8,8.8,12.5,42,2,28.5,22.5,5.0,3.8,2.2,2.8,1.5,4508,42.5,5.8,7.2
kr-dg,Daegu,city,kr,游썷릖,2,58,26542,1,98,30.5,.915,97,83.0,6.5,18,99,,2.5,10.8,8.2,18.5,22,1,25.5,25.8,8.0,3.5,2.5,2.5,1.5,2753,40.2,6.5,6.5
kr-ic,Incheon,city,kr,游썷릖,3,95,32542,1,99,31.5,.925,98,83.2,12.5,15,99,,2.2,10.2,8.5,18.2,85,5,5.5,32.5,5.0,3.2,2.2,3.0,1.5,2792,39.8,6.8,6.0
mx-jl,Jalisco,state,mx,游쓇릖,8,72,8742,79,88,43.2,.768,72,75.8,3.2,62,94,,2.0,1.2,5.5,20.5,18,3,48.5,18.5,28.0,3.5,4.8,0.3,2.5,101,28.5,18.2,5.8
mx-nl,Nuevo Le칩n,state,mx,游쓇릖,6,85,14842,65,95,42.8,.812,80,77.2,5.5,42,96,,2.5,1.5,5.8,22.8,35,8,12.5,22.5,22.0,3.8,5.2,0.5,2.8,92,30.2,16.5,5.2
mx-mx,State of Mexico,state,mx,游쓇릖,17,105,6218,22,87,45.5,.738,68,75.5,2.8,52,93,,1.8,1.0,5.2,15.8,18,5,45.5,32.5,15.0,4.5,5.5,0.2,2.2,773,27.8,19.2,5.5
mx-bc,Baja California,state,mx,游쓇릖,4,45,12342,71,92,41.5,.792,78,76.2,3.5,22,95,,2.2,1.2,5.5,22.5,28,5,55.5,22.2,18.0,2.8,4.2,0.4,2.5,56,29.5,17.5,5.2
mx-qr,Quintana Roo,state,mx,游쓇릖,2,22,12542,44,90,42.8,.785,75,77.0,3.2,12,95,,1.8,1.0,5.5,3.5,5,3,72.5,12.5,12.0,3.2,5.8,0.2,2.2,45,29.2,16.8,4.5
ae,UAE,country,,游뷣릖,10,508,50800,84,87,32.5,.911,99,78.2,20.8,82,95,,2.5,1.3,5.8,8.5,420,22,4.5,38.5,0.8,2.5,3.5,1.5,3.8,119,33.5,9.5,1.5
qa,Qatar,country,,游윓릖,3,220,83521,12,99,41.1,.855,99,80.2,32.5,15,97,,2.8,1.2,3.8,8.2,95,2,0.2,55.5,0.5,0.2,2.8,2.5,4.8,248,33.8,9.2,1.2
kw,Kuwait,country,,游썷릖,4,175,40658,18,100,39.5,.831,98,78.8,25.2,12,96,,2.6,1.8,5.2,5.8,68,1,0.4,48.5,0.5,1.5,3.2,1.2,3.5,234,33.2,12.5,2.5
jo,Jordan,country,,游游,11,48,4352,89,91,33.7,.720,67,74.8,2.5,32,98,,2.3,1.4,5.5,15.2,8,2,1.2,42.5,15.0,22.5,4.8,0.3,1.5,124,24.2,22.5,3.8
bg,Bulgaria,country,,游游,7,95,14342,111,76,40.3,.795,79,74.8,5.8,55,98,,4.2,7.5,8.5,15.2,42,3,35.5,18.2,22.0,4.5,3.8,0.8,1.8,63,45.2,8.5,15.8
hr,Croatia,country,,游쇓릖,4,70,17842,57,58,29.8,.858,82,78.5,4.2,28,99,,3.5,5.8,7.5,12.5,28,2,34.5,15.5,28.0,6.8,3.2,1.2,1.5,70,44.5,8.8,13.2
rs,Serbia,country,,游游,7,68,9842,88,57,33.1,.802,78,76.2,5.5,52,98,,3.2,5.5,8.8,14.2,22,4,31.5,22.5,28.0,12.5,4.2,0.8,1.8,80,41.8,9.2,14.5
lt,Lithuania,country,,游쐟릖,3,72,25542,65,68,35.4,.875,85,76.0,4.2,22,100,,4.8,6.5,7.2,18.5,42,2,35.2,12.5,28.0,6.5,2.8,1.2,2.5,43,42.5,9.2,14.8
lv,Latvia,country,,游쐟릖,2,42,22542,65,68,34.5,.866,83,75.5,3.5,18,100,,3.5,5.5,6.8,12.5,18,1,54.5,12.2,42.0,7.2,2.8,1.0,2.2,30,43.8,9.5,15.2
ee,Estonia,country,,游쀯릖,1,38,28542,45,69,30.4,.890,90,78.8,8.5,12,100,,3.8,4.5,7.5,15.8,22,2,52.5,8.5,32.0,5.5,2.5,1.5,2.8,30,42.2,9.8,12.5
ma,Morocco,country,,游쓇릖,38,142,3728,447,65,39.5,.683,85,76.5,1.8,42,74,,0.7,1.0,5.5,15.5,38,3,12.5,32.5,18.0,12.5,5.2,0.2,1.8,85,29.5,19.2,5.2
tn,Tunisia,country,,游좷릖,12,47,3928,164,70,32.8,.732,68,76.8,2.8,28,82,,1.3,2.2,7.2,15.2,18,1,8.5,28.5,12.0,15.5,7.2,0.4,2.2,73,32.5,16.5,6.5
rw,Rwanda,country,,游游,14,12,862,26,18,43.7,.534,32,69.5,0.1,42,73,,0.1,1.5,5.2,5.5,2,0,28.5,32.5,52.0,1.5,3.8,0.1,2.5,525,19.5,30.2,5.8
sn,Senegal,country,,游젏릖,18,28,1558,197,49,40.3,.511,42,68.2,0.6,22,52,,0.1,0.3,4.2,8.5,3,1,43.5,38.5,28.0,5.8,3.5,0.1,2.5,91,19.2,33.5,5.5
ci,C칪te dIvoire,country,,游뻟릖,28,74,2642,322,52,41.5,.550,28,58.5,0.4,12,48,,0.2,0.4,3.8,12.5,18,1,32.5,42.5,22.0,3.2,4.5,0.1,3.2,87,19.8,35.2,9.8
lk,Sri Lanka,country,,游쐟릖,22,88,3982,66,19,39.8,.782,52,77.0,1.2,42,92,,1.1,4.2,3.8,16.8,12,2,29.8,18.5,52.0,5.5,6.8,0.2,1.2,333,32.5,15.2,6.5
mm,Myanmar,country,,游쓇릖,54,65,1204,677,31,30.7,.585,35,67.5,0.5,175,76,,0.7,0.6,5.2,22.5,12,1,42.5,28.5,48.0,2.2,3.5,0.1,2.8,80,27.8,18.5,8.2
kh,Cambodia,country,,游썷릖,17,30,1782,181,25,36.1,.593,52,70.2,0.5,55,82,,0.2,0.8,6.2,15.5,18,4,56.5,22.5,55.0,0.8,3.5,0.1,2.2,94,26.5,21.5,5.8
np,Nepal,country,,游游,30,42,1405,147,21,32.8,.602,42,71.5,0.5,32,68,,0.7,0.3,5.8,5.2,2,0,25.2,42.5,85.0,3.2,5.2,0.2,2.5,204,24.2,20.5,6.2
